{
	"DataFormat": 202402001,
	"cloudX": -7680038.502017519,
	"cloudZ": 8473288.801133659,
	"windAngle": -1.9646108150482178,
	"windSpeed": 38.01228332519531,
	"lowWindTimer": 0,
	"highWindTimer": 0,
	"events": { }
}